date	julian	simptoms	test	positive
2020-02-14	0	1	0	0
2020-02-16	2	2	0	0
2020-02-19	5	1	0	0
2020-02-20	6	1	0	0
2020-02-22	8	2	0	0
2020-02-26	12	2	0	0
2020-02-28	14	2	0	0
2020-03-01	16	5	0	0
2020-03-02	17	1	0	0
2020-03-03	18	2	0	0
2020-03-04	19	1	0	0
2020-03-06	21	1	0	0
2020-03-07	22	1	0	0
2020-03-08	23	1	0	0
2020-03-10	25	3	0	0
2020-03-11	26	2	0	0
2020-03-12	27	1	0	0
2020-03-13	28	6	1	1
2020-03-14	29	4	1	0
2020-03-15	30	3	6	6
2020-03-16	31	2	0	0
2020-03-17	32	3	3	1
2020-03-18	33	5	3	3
2020-03-19	34	6	6	4
2020-03-20	35	3	3	5
2020-03-21	36	1	2	1
2020-03-22	37	1	2	3
2020-03-24	39	1	4	3
2020-03-25	40	1	1	4
2020-03-26	41	4	4	0
2020-03-27	42	5	4	6
2020-03-28	43	3	3	3
2020-03-29	44	1	1	3
2020-03-30	45	5	4	3
2020-03-31	46	7	5	6
2020-04-01	47	4	6	2
2020-04-02	48	9	6	6
2020-04-03	49	6	9	9
2020-04-04	50	8	9	2
2020-04-05	51	9	7	10
2020-04-06	52	8	5	5
2020-04-07	53	12	11	7
2020-04-08	54	34	38	40
2020-04-09	55	10	16	10
2020-04-10	56	14	15	6
2020-04-11	57	5	4	19
2020-04-12	58	10	10	9
2020-04-13	59	18	19	4
2020-04-14	60	73	73	8
2020-04-15	61	11	10	74
2020-04-16	62	18	21	19
2020-04-17	63	13	14	7
2020-04-18	64	18	10	3
2020-04-19	65	6	3	18
2020-04-20	66	40	37	13
2020-04-21	67	72	73	66
2020-04-22	68	20	30	41
2020-04-23	69	47	53	43
2020-04-24	70	62	68	12
2020-04-25	71	19	20	67
2020-04-26	72	26	14	17
2020-04-27	73	33	31	26
2020-04-28	74	44	34	21
2020-04-29	75	35	32	34
2020-04-30	76	48	53	31
2020-05-01	77	45	23	34
2020-05-02	78	32	21	6
2020-05-03	79	43	27	10
2020-05-04	80	73	50	38
2020-05-05	81	82	53	20
2020-05-06	82	71	73	42
2020-05-07	83	58	58	57
2020-05-08	84	113	109	28
2020-05-09	85	76	94	143
2020-05-10	86	83	51	49
2020-05-11	87	97	116	64
2020-05-12	88	116	132	79
2020-05-13	89	125	189	139
2020-05-14	90	108	179	175
2020-05-15	91	135	143	158
2020-05-16	92	95	117	106
2020-05-17	93	162	201	88
2020-05-18	94	228	303	155
2020-05-19	95	226	263	246
2020-05-20	96	348	487	211
2020-05-21	97	366	621	299
2020-05-22	98	400	545	426
2020-05-23	99	164	258	269
2020-05-24	100	170	219	339
2020-05-25	101	475	640	302
2020-05-26	102	448	592	259
2020-05-27	103	299	425	306
2020-05-28	104	378	443	269
2020-05-29	105	372	411	211
2020-05-30	106	173	208	299
2020-05-31	107	122	126	198
2020-06-01	108	302	407	280
2020-06-02	109	282	380	179
2020-06-03	110	317	470	265
2020-06-04	111	374	462	411
2020-06-05	112	474	633	397
2020-06-06	113	414	553	286
2020-06-07	114	292	340	318
2020-06-08	115	435	598	343
2020-06-09	116	436	726	364
2020-06-10	117	564	774	431
2020-06-11	118	410	792	218
2020-06-12	119	462	730	414
2020-06-13	120	404	529	96
2020-06-14	121	360	470	303
2020-06-15	122	725	1019	555
2020-06-16	123	545	948	718
2020-06-17	124	509	880	551
2020-06-18	125	482	765	814
2020-06-19	126	545	909	486
2020-06-20	127	681	780	256
2020-06-21	128	357	353	418
2020-06-22	129	787	1178	780
2020-06-23	130	719	1211	778
2020-06-24	131	648	1190	351
2020-06-25	132	673	1409	1037
2020-06-26	133	777	1368	671
2020-06-27	134	676	915	572
2020-06-28	135	513	402	466
2020-06-29	136	670	1015	734
2020-06-30	137	821	1733	984
2020-07-01	138	793	1408	1138
2020-07-02	139	694	1412	1299
2020-07-03	140	700	1331	1330
2020-07-04	141	581	905	790
2020-07-05	142	506	389	700
2020-07-06	143	729	1305	901
2020-07-07	144	654	1293	674
2020-07-08	145	611	1343	1236
2020-07-09	146	576	1171	1003
2020-07-10	147	794	1070	1008
2020-07-11	148	608	770	806
2020-07-12	149	471	490	408
2020-07-13	150	700	1227	1220
2020-07-14	151	604	1156	1261
2020-07-15	152	616	1125	939
2020-07-16	153	596	1173	1021
2020-07-17	154	591	1038	1191
2020-07-18	155	618	695	666
2020-07-19	156	484	384	340
2020-07-20	157	804	1264	1296
2020-07-21	158	531	1074	1131
2020-07-22	159	504	1126	1073
2020-07-23	160	486	1046	1019
2020-07-24	161	527	1070	1272
2020-07-25	162	440	618	638
2020-07-26	163	379	314	261
2020-07-27	164	542	1261	1209
2020-07-28	165	512	1130	1179
2020-07-29	166	409	911	1271
2020-07-30	167	479	876	1000
2020-07-31	168	474	884	1163
2020-08-01	169	649	588	358
2020-08-02	170	375	411	227
2020-08-03	171	486	1129	788
2020-08-04	172	383	886	1143
2020-08-05	173	403	966	824
2020-08-06	174	379	768	943
2020-08-07	175	380	719	903
2020-08-08	176	400	533	420
2020-08-09	177	317	301	389
2020-08-10	178	560	859	996
2020-08-11	179	372	804	1151
2020-08-12	180	366	746	1233
2020-08-13	181	340	752	1144
2020-08-14	182	423	686	903
2020-08-15	183	401	475	337
2020-08-16	184	351	392	310
2020-08-17	185	449	909	909
2020-08-18	186	357	773	1043
2020-08-19	187	325	729	1124
2020-08-20	188	484	798	1052
2020-08-21	189	384	730	943
2020-08-22	190	378	413	331
2020-08-23	191	325	309	342
2020-08-24	192	359	844	1152
2020-08-25	193	369	754	1082
2020-08-26	194	318	775	1141
2020-08-27	195	320	684	1065
2020-08-28	196	352	710	749
2020-08-29	197	264	377	227
2020-08-30	198	270	237	166
2020-08-31	199	351	729	813
2020-09-01	200	429	697	724
2020-09-02	201	328	633	681
2020-09-03	202	315	663	670
2020-09-04	203	372	511	441
2020-09-05	204	327	361	189
2020-09-06	205	312	220	146
2020-09-07	206	358	761	821
2020-09-08	207	307	742	893
2020-09-09	208	281	591	680
2020-09-10	209	368	709	694
2020-09-11	210	333	681	625
2020-09-12	211	299	430	253
2020-09-13	212	296	266	256
2020-09-14	213	376	743	455
2020-09-15	214	340	366	243
2020-09-16	215	317	708	731
2020-09-17	216	399	658	724
2020-09-18	217	405	746	742
2020-09-19	218	366	529	289
2020-09-20	219	419	332	222
2020-09-21	220	455	802	896
2020-09-22	221	335	790	752
2020-09-23	222	293	763	449
2020-09-24	223	298	752	872
2020-09-25	224	359	650	796
2020-09-26	225	303	354	395
2020-09-27	226	315	249	162
2020-09-28	227	338	756	697
2020-09-29	228	300	696	790
2020-09-30	229	301	607	684
2020-10-01	230	435	641	660
2020-10-02	231	343	623	618
2020-10-03	232	308	323	212
2020-10-04	233	256	220	209
2020-10-05	234	365	741	678
2020-10-06	235	296	648	793
2020-10-07	236	300	621	730
2020-10-08	237	319	575	426
2020-10-09	238	309	631	583
2020-10-10	239	431	353	167
2020-10-11	240	261	200	106
2020-10-12	241	315	622	521
2020-10-13	242	283	670	708
2020-10-14	243	258	618	653
2020-10-15	244	339	593	634
2020-10-16	245	313	572	571
2020-10-17	246	242	287	353
2020-10-18	247	264	236	233
2020-10-19	248	348	662	594
2020-10-20	249	322	383	157
2020-10-21	250	252	563	771
2020-10-22	251	261	615	729
2020-10-23	252	283	600	701
2020-10-24	253	237	315	156
2020-10-25	254	281	190	104
2020-10-26	255	342	619	665
2020-10-27	256	289	542	702
2020-10-28	257	263	603	552
2020-10-29	258	228	491	553
2020-10-30	259	274	561	619
2020-10-31	260	198	313	162
2020-11-01	261	284	172	38
2020-11-02	262	291	330	237
2020-11-03	263	242	664	634
2020-11-04	264	241	452	653
2020-11-05	265	239	480	634
2020-11-06	266	264	470	530
2020-11-07	267	286	283	215
2020-11-08	268	289	233	82
2020-11-09	269	313	701	765
2020-11-10	270	387	621	662
2020-11-11	271	238	614	704
2020-11-12	272	265	568	564
2020-11-13	273	287	556	549
2020-11-14	274	286	343	160
2020-11-15	275	299	241	126
2020-11-16	276	301	695	688
2020-11-17	277	204	581	600
2020-11-18	278	224	502	639
2020-11-19	279	251	561	692
2020-11-20	280	352	529	635
2020-11-21	281	215	255	191
2020-11-22	282	285	176	86
2020-11-23	283	305	620	589
2020-11-24	284	266	559	600
2020-11-25	285	256	538	664
2020-11-26	286	258	583	410
2020-11-27	287	257	538	642
2020-11-28	288	288	265	161
2020-11-29	289	229	234	91
2020-11-30	290	328	672	715
2020-12-01	291	393	543	708
2020-12-02	292	272	604	602
2020-12-03	293	263	524	735
2020-12-04	294	282	578	547
2020-12-05	295	289	308	180
2020-12-06	296	230	241	125
2020-12-07	297	285	711	785
2020-12-08	298	260	560	671
2020-12-09	299	245	563	661
2020-12-10	300	291	536	732
2020-12-11	301	294	516	562
2020-12-12	302	305	341	176
2020-12-13	303	287	251	122
2020-12-14	304	328	675	654
2020-12-15	305	399	675	722
2020-12-16	306	346	711	608
2020-12-17	307	263	650	628
2020-12-18	308	293	576	526
2020-12-19	309	317	380	168
2020-12-20	310	345	266	104
2020-12-21	311	302	591	750
2020-12-22	312	270	631	676
2020-12-23	313	285	599	633
2020-12-24	314	333	273	176
2020-12-25	315	296	180	82
2020-12-26	316	385	429	161
2020-12-27	317	334	303	116
2020-12-28	318	421	796	798
2020-12-29	319	279	854	812
2020-12-30	320	368	753	855
2020-12-31	321	381	426	207
2021-01-01	322	599	284	101
2021-01-02	323	531	538	176
2021-01-03	324	515	496	204
2021-01-04	325	658	1220	849
2021-01-05	326	588	1072	819
2021-01-06	327	507	944	882
2021-01-07	328	457	912	992
2021-01-08	329	504	998	1053
2021-01-09	330	430	639	340
2021-01-10	331	516	540	203
2021-01-11	332	464	1127	1018
2021-01-12	333	406	966	993
2021-01-13	334	379	832	962
2021-01-14	335	324	803	1132
2021-01-15	336	481	764	1012
2021-01-16	337	335	464	308
2021-01-17	338	314	376	252
2021-01-18	339	446	860	1097
2021-01-19	340	303	752	1016
2021-01-20	341	428	698	994
2021-01-21	342	266	771	1224
2021-01-22	343	310	765	952
2021-01-23	344	299	387	345
2021-01-24	345	306	322	229
2021-01-25	346	396	755	1039
2021-01-26	347	346	708	1048
2021-01-27	348	280	653	1132
2021-01-28	349	236	696	756
2021-01-29	350	308	595	801
2021-01-30	351	245	416	394
2021-01-31	352	209	292	138
2021-02-01	353	407	652	679
2021-02-02	354	291	552	668
2021-02-03	355	291	530	683
2021-02-04	356	256	558	668
2021-02-05	357	285	585	644
2021-02-06	358	232	383	226
2021-02-07	359	277	284	106
2021-02-08	360	312	655	776
2021-02-09	361	219	601	804
2021-02-10	362	323	563	818
2021-02-11	363	231	522	751
2021-02-12	364	291	535	831
2021-02-13	365	250	295	175
2021-02-14	366	274	238	131
2021-02-15	367	347	601	701
2021-02-16	368	216	584	769
2021-02-17	369	222	543	742
2021-02-18	370	215	557	683
2021-02-19	371	265	535	670
2021-02-20	372	311	290	242
2021-02-21	373	231	231	127
2021-02-22	374	304	638	833
2021-02-23	375	272	593	692
2021-02-24	376	213	484	743
2021-02-25	377	253	571	670
2021-02-26	378	273	553	520
2021-02-27	379	262	363	190
2021-02-28	380	391	318	155
2021-03-01	381	510	766	752
2021-03-02	382	356	676	826
2021-03-03	383	306	617	643
2021-03-04	384	301	692	814
2021-03-05	385	396	703	647
2021-03-06	386	374	396	239
2021-03-07	387	357	310	216
2021-03-08	388	477	847	809
2021-03-09	389	395	743	815
2021-03-10	390	558	775	755
2021-03-11	391	428	832	871
2021-03-12	392	473	902	727
2021-03-13	393	464	494	223
2021-03-14	394	451	391	144
2021-03-15	395	674	1140	946
2021-03-16	396	507	1073	938
2021-03-17	397	479	898	901
2021-03-18	398	506	948	856
2021-03-19	399	530	997	947
2021-03-20	400	697	606	303
2021-03-21	401	473	431	210
2021-03-22	402	618	1149	987
2021-03-23	403	512	1093	1100
2021-03-24	404	462	1116	1041
2021-03-25	405	484	1034	978
2021-03-26	406	414	1082	938
2021-03-27	407	382	575	348
2021-03-28	408	381	464	190
2021-03-29	409	445	1161	298
2021-03-30	410	384	995	490
2021-03-31	411	383	662	366
2021-04-01	412	691	606	280
2021-04-02	413	575	564	203
2021-04-03	414	638	622	215
2021-04-04	415	767	602	182
2021-04-05	416	951	1591	1351
2021-04-06	417	690	1517	1327
2021-04-07	418	712	1673	1510
2021-04-08	419	682	1475	1256
2021-04-09	420	715	1599	1326
2021-04-10	421	917	878	421
2021-04-11	422	578	642	231
2021-04-12	423	913	1915	1997
2021-04-13	424	642	1539	1793
2021-04-14	425	666	1528	1549
2021-04-15	426	615	1425	1962
2021-04-16	427	648	1345	1604
2021-04-17	428	604	708	407
2021-04-18	429	665	619	289
2021-04-19	430	757	1656	1618
2021-04-20	431	835	1496	1609
2021-04-21	432	514	1439	1826
2021-04-22	433	548	1380	1631
2021-04-23	434	546	1325	1480
2021-04-24	435	550	634	368
2021-04-25	436	607	466	233
2021-04-26	437	694	1445	1069
2021-04-27	438	484	1257	1574
2021-04-28	439	485	1393	1629
2021-04-29	440	382	1080	1388
2021-04-30	441	469	732	778
2021-05-01	442	638	489	192
2021-05-02	443	478	433	173
2021-05-03	444	547	1186	1200
2021-05-04	445	476	1045	1187
2021-05-05	446	465	961	1147
2021-05-06	447	400	883	1261
2021-05-07	448	451	941	1143
2021-05-08	449	487	495	194
2021-05-09	450	516	396	200
2021-05-10	451	793	1026	948
2021-05-11	452	479	1031	1376
2021-05-12	453	481	1070	1091
2021-05-13	454	473	1086	1367
2021-05-14	455	558	907	910
2021-05-15	456	693	484	207
2021-05-16	457	517	430	151
2021-05-17	458	654	1290	1197
2021-05-18	459	579	1244	1022
2021-05-19	460	515	1053	1388
2021-05-20	461	699	1006	891
2021-05-21	462	574	1005	929
2021-05-22	463	588	589	329
2021-05-23	464	574	510	181
2021-05-24	465	666	1343	1126
2021-05-25	466	792	1233	1453
2021-05-26	467	643	1330	989
2021-05-27	468	706	1199	1566
2021-05-28	469	798	1134	854
2021-05-29	470	672	811	353
2021-05-30	471	639	547	192
2021-05-31	472	842	1607	1425
2021-06-01	473	1042	1402	1289
2021-06-02	474	722	1530	1406
2021-06-03	475	768	1499	1325
2021-06-04	476	805	1506	1363
2021-06-05	477	858	770	537
2021-06-06	478	695	624	307
2021-06-07	479	872	1892	1560
2021-06-08	480	760	1621	1810
2021-06-09	481	653	1422	1757
2021-06-10	482	910	1408	1798
2021-06-11	483	761	1516	1778
2021-06-12	484	836	857	514
2021-06-13	485	778	622	273
2021-06-14	486	1126	1841	1708
2021-06-15	487	1107	1665	1507
2021-06-16	488	892	1622	1691
2021-06-17	489	1006	1724	1471
2021-06-18	490	1184	1860	1502
2021-06-19	491	1110	976	492
2021-06-20	492	1449	840	329
2021-06-21	493	1339	2370	1834
2021-06-22	494	1027	2222	2000
2021-06-23	495	1046	2176	1977
2021-06-24	496	1071	2238	2269
2021-06-25	497	1319	2266	1840
2021-06-26	498	1324	1246	743
2021-06-27	499	1166	984	382
2021-06-28	500	1515	1804	710
2021-06-29	501	1223	3040	2820
2021-06-30	502	1477	2569	2862
2021-07-01	503	1877	2904	2492
2021-07-02	504	1747	2872	2287
2021-07-03	505	1575	1719	823
2021-07-04	506	1545	1319	520
2021-07-05	507	1987	3552	2775
2021-07-06	508	1682	3118	2984
2021-07-07	509	1581	3211	3078
2021-07-08	510	1517	3128	2924
2021-07-09	511	1719	3436	3001
2021-07-10	512	2229	1735	1237
2021-07-11	513	1417	1324	618
2021-07-12	514	1679	3865	2995
2021-07-13	515	1456	3180	2869
2021-07-14	516	1425	2958	2703
2021-07-15	517	1708	2911	2885
2021-07-16	518	1749	2986	2486
2021-07-17	519	1814	1959	712
2021-07-18	520	1634	1384	545
2021-07-19	521	2107	3722	3387
2021-07-20	522	2113	3612	3095
2021-07-21	523	1477	3482	3364
2021-07-22	524	1601	3277	3275
2021-07-23	525	2013	3216	3320
2021-07-24	526	1827	1827	1272
2021-07-25	527	2054	1540	496
2021-07-26	528	2341	3923	2639
2021-07-27	529	1913	4024	3575
2021-07-28	530	1861	3494	3336
2021-07-29	531	1661	3321	3394
2021-07-30	532	1966	3377	2956
2021-07-31	533	1777	1959	1142
2021-08-01	534	2866	1766	632
2021-08-02	535	2666	4644	2789
2021-08-03	536	2027	4431	4399
2021-08-04	537	1827	3919	4068
2021-08-05	538	2259	4162	3998
2021-08-06	539	2227	4081	3998
2021-08-07	540	2305	2420	1004
2021-08-08	541	2590	1948	604
2021-08-09	542	3100	5103	3305
2021-08-10	543	3322	4911	4618
2021-08-11	544	2165	4915	4358
2021-08-12	545	2319	4869	4216
2021-08-13	546	2616	5040	4167
2021-08-14	547	2707	2861	1309
2021-08-15	548	3067	1983	757
2021-08-16	549	2967	5613	3823
2021-08-17	550	2517	5437	4650
2021-08-18	551	2555	5019	5826
2021-08-19	552	2475	5064	5243
2021-08-20	553	3660	5154	4580
2021-08-21	554	2349	2614	1334
2021-08-22	555	2399	2112	754
2021-08-23	556	2750	6094	4917
2021-08-24	557	2317	5223	5175
2021-08-25	558	2488	5049	5113
2021-08-26	559	2122	4649	4754
2021-08-27	560	2513	4730	3736
2021-08-28	561	2668	2348	1306
2021-08-29	562	2061	1859	740
2021-08-30	563	2335	5525	4478
2021-08-31	564	1792	4798	5271
2021-09-01	565	2603	4561	3828
2021-09-02	566	2216	4345	4887
2021-09-03	567	2215	3303	2556
2021-09-04	568	2186	2207	1079
2021-09-05	569	2342	1585	640
2021-09-06	570	2319	5146	4032
2021-09-07	571	1688	4587	5120
2021-09-08	572	1699	4044	3150
2021-09-09	573	1628	3819	4800
2021-09-10	574	2278	3622	4014
2021-09-11	575	1550	1703	1070
2021-09-12	576	1537	1217	733
2021-09-13	577	1625	4094	4299
2021-09-14	578	1293	3396	4229
2021-09-15	579	1426	1793	1107
2021-09-16	580	1250	3327	4068
2021-09-17	581	1329	2810	3428
2021-09-18	582	1380	1279	834
2021-09-19	583	1276	995	604
2021-09-20	584	1685	3271	3718
2021-09-21	585	910	2618	4243
2021-09-22	586	802	2433	4037
2021-09-23	587	846	2230	3771
2021-09-24	588	1030	1996	2808
2021-09-25	589	1042	988	956
2021-09-26	590	798	707	773
2021-09-27	591	862	2191	2956
2021-09-28	592	723	1712	3955
2021-09-29	593	541	1559	3070
2021-09-30	594	614	1495	2942
2021-10-01	595	837	1405	2309
2021-10-02	596	606	652	684
2021-10-03	597	578	504	386
2021-10-04	598	570	1523	2804
2021-10-05	599	465	1249	2663
2021-10-06	600	386	1056	2610
2021-10-07	601	352	923	2105
2021-10-08	602	412	926	1991
2021-10-09	603	428	431	680
2021-10-10	604	481	340	285
2021-10-11	605	289	995	1724
2021-10-12	606	281	791	1703
2021-10-13	607	229	681	1412
2021-10-14	608	227	602	1705
2021-10-15	609	293	624	1369
2021-10-16	610	232	277	382
2021-10-17	611	183	207	193
2021-10-18	612	240	650	1724
2021-10-19	613	159	446	1474
2021-10-20	614	204	260	307
2021-10-21	615	127	456	1692
2021-10-22	616	155	367	1206
2021-10-23	617	127	188	343
2021-10-24	618	122	154	59
2021-10-25	619	196	428	1350
2021-10-26	620	118	293	1351
2021-10-27	621	107	316	1274
2021-10-28	622	111	254	1377
2021-10-29	623	99	280	982
2021-10-30	624	99	147	170
2021-10-31	625	69	92	85
2021-11-01	626	132	101	136
2021-11-02	627	101	297	782
2021-11-03	628	96	246	1066
2021-11-04	629	60	199	945
2021-11-05	630	92	183	829
2021-11-06	631	86	106	249
2021-11-07	632	75	82	85
2021-11-08	633	61	272	994
2021-11-09	634	63	186	754
2021-11-10	635	93	207	810
2021-11-11	636	54	157	829
2021-11-12	637	48	176	593
2021-11-13	638	62	68	275
2021-11-14	639	56	74	30
2021-11-15	640	60	158	557
2021-11-16	641	43	146	783
2021-11-17	642	48	154	813
2021-11-18	643	53	177	827
2021-11-19	644	59	125	699
2021-11-20	645	67	83	179
2021-11-21	646	43	75	58
2021-11-22	647	44	159	960
2021-11-23	648	37	144	815
2021-11-24	649	35	107	829
2021-11-25	650	40	97	483
2021-11-26	651	31	91	458
2021-11-27	652	32	54	115
2021-11-28	653	36	54	11
2021-11-29	654	37	111	363
2021-11-30	655	38	108	452
2021-12-01	656	42	80	291
2021-12-02	657	37	81	313
2021-12-03	658	32	84	502
2021-12-04	659	24	57	310
2021-12-05	660	35	56	39
2021-12-06	661	47	82	544
2021-12-07	662	28	85	418
2021-12-08	663	38	116	475
2021-12-09	664	26	74	516
2021-12-10	665	31	88	324
2021-12-11	666	35	45	61
2021-12-12	667	37	48	8
2021-12-13	668	50	106	288
2021-12-14	669	53	97	341
2021-12-15	670	45	97	329
2021-12-16	671	54	127	254
2021-12-17	672	65	147	213
2021-12-18	673	65	89	69
2021-12-19	674	106	105	64
2021-12-20	675	131	206	376
2021-12-21	676	138	285	373
2021-12-22	677	159	344	322
2021-12-23	678	190	386	163
2021-12-24	679	245	316	98
2021-12-25	680	317	224	39
2021-12-26	681	352	299	91
2021-12-27	682	420	750	597
2021-12-28	683	469	918	821
2021-12-29	684	444	1014	887
2021-12-30	685	451	1048	797
2021-12-31	686	649	894	230
2022-01-01	687	1142	608	106
2022-01-02	688	1095	970	109
2022-01-03	689	1404	2091	1007
2022-01-04	690	1128	2334	1919
2022-01-05	691	1169	2650	2044
2022-01-06	692	1050	2687	1839
2022-01-07	693	1185	2648	2050
2022-01-08	694	1174	1612	1042
2022-01-09	695	1208	1486	343
2022-01-10	696	1751	3307	2116
2022-01-11	697	1181	2723	2283
2022-01-12	698	1195	3004	2872
2022-01-13	699	1163	2952	2628
2022-01-14	700	1452	2813	2827
2022-01-15	701	1718	1853	1397
2022-01-16	702	1597	1570	384
2022-01-17	703	2102	3941	2901
2022-01-18	704	1716	3580	3199
2022-01-19	705	1668	3546	3173
2022-01-20	706	2006	3830	3189
2022-01-21	707	1850	3755	2995
2022-01-22	708	1901	2195	818
2022-01-23	709	2017	1799	659
2022-01-24	710	2490	4675	3070
2022-01-25	711	2463	4863	3655
2022-01-26	712	2028	4694	4094
2022-01-27	713	2084	4553	4234
2022-01-28	714	2340	4941	2784
2022-01-29	715	2243	2695	1283
2022-01-30	716	2035	2151	681
2022-01-31	717	2768	5310	4223
2022-02-01	718	3326	4678	3872
2022-02-02	719	2380	5167	3925
2022-02-03	720	2113	5356	3304
2022-02-04	721	2324	4994	4296
2022-02-05	722	2527	2633	1166
2022-02-06	723	2443	2216	981
2022-02-07	724	2833	5755	4025
2022-02-08	725	2537	5105	4720
2022-02-09	726	2193	5031	4899
2022-02-10	727	2637	5579	4275
2022-02-11	728	2063	5347	3983
2022-02-12	729	2165	2770	1139
2022-02-13	730	2202	1887	858
2022-02-14	731	2574	5128	4054
2022-02-15	732	2353	4504	4743
2022-02-16	733	1778	4522	4503
2022-02-17	734	1610	4412	4024
2022-02-18	735	1757	4349	3319
2022-02-19	736	1580	2026	988
2022-02-20	737	1929	1635	715
2022-02-21	738	1524	4226	3793
2022-02-22	739	1306	3520	4379
2022-02-23	740	1073	3334	3660
2022-02-24	741	1037	3050	3440
2022-02-25	742	1141	2897	2687
2022-02-26	743	994	1424	729
2022-02-27	744	927	1245	679
2022-02-28	745	1320	2731	3145
2022-03-01	746	1263	2199	3209
2022-03-02	747	818	2395	2845
2022-03-03	748	750	2239	2485
2022-03-04	749	813	1933	2590
2022-03-05	750	838	1004	559
2022-03-06	751	701	754	458
2022-03-07	752	782	2093	2847
2022-03-08	753	717	1577	2592
2022-03-09	754	574	1545	2003
2022-03-10	755	590	1551	2341
2022-03-11	756	431	1380	1965
2022-03-12	757	436	669	321
2022-03-13	758	472	502	363
2022-03-14	759	587	1321	2060
2022-03-15	760	437	1013	2133
2022-03-16	761	385	997	2539
2022-03-17	762	311	873	1986
2022-03-18	763	336	830	1665
2022-03-19	764	306	395	360
2022-03-20	765	350	314	517
2022-03-21	766	265	993	1801
2022-03-22	767	262	621	2023
2022-03-23	768	221	620	1357
2022-03-24	769	175	595	1311
2022-03-25	770	212	572	1014
2022-03-26	771	188	259	343
2022-03-27	772	213	239	142
2022-03-28	773	197	503	1417
2022-03-29	774	156	471	1535
2022-03-30	775	144	461	1278
2022-03-31	776	101	424	1007
2022-04-01	777	160	376	864
2022-04-02	778	91	198	188
2022-04-03	779	116	178	216
2022-04-04	780	131	373	1010
2022-04-05	781	123	325	797
2022-04-06	782	86	321	767
2022-04-07	783	63	293	758
2022-04-08	784	67	212	732
2022-04-09	785	56	91	125
2022-04-10	786	65	117	87
2022-04-11	787	64	265	809
2022-04-12	788	78	219	853
2022-04-13	789	28	155	239
2022-04-14	790	53	121	51
2022-04-15	791	73	96	115
2022-04-16	792	64	125	66
2022-04-17	793	90	147	50
2022-04-18	794	114	281	910
2022-04-19	795	92	264	898
2022-04-20	796	91	311	1061
2022-04-21	797	56	224	864
2022-04-22	798	84	225	1028
2022-04-23	799	73	104	203
2022-04-24	800	73	104	81
2022-04-25	801	93	387	616
2022-04-26	802	71	182	790
2022-04-27	803	55	304	930
2022-04-28	804	62	167	879
2022-04-29	805	53	137	678
2022-04-30	806	52	81	65
2022-05-01	807	90	93	21
2022-05-02	808	97	156	153
2022-05-03	809	89	243	706
2022-05-04	810	55	186	607
2022-05-05	811	73	191	709
2022-05-06	812	72	172	610
2022-05-07	813	73	103	78
2022-05-08	814	80	81	57
2022-05-09	815	111	217	703
2022-05-10	816	114	224	458
2022-05-11	817	71	179	502
2022-05-12	818	81	237	662
2022-05-13	819	130	219	555
2022-05-14	820	100	166	71
2022-05-15	821	139	155	88
2022-05-16	822	148	283	689
2022-05-17	823	120	323	794
2022-05-18	824	139	292	817
2022-05-19	825	119	306	911
2022-05-20	826	171	282	574
2022-05-21	827	108	176	120
2022-05-22	828	133	181	80
2022-05-23	829	168	347	621
2022-05-24	830	170	329	818
2022-05-25	831	192	560	614
2022-05-26	832	174	376	682
2022-05-27	833	193	311	695
2022-05-28	834	199	197	92
2022-05-29	835	211	254	71
2022-05-30	836	260	536	837
2022-05-31	837	254	510	914
2022-06-01	838	377	563	840
2022-06-02	839	357	621	839
2022-06-03	840	388	595	965
2022-06-04	841	411	482	102
2022-06-05	842	508	383	106
2022-06-06	843	689	1005	1132
2022-06-07	844	559	1116	1401
2022-06-08	845	602	1306	1059
2022-06-09	846	600	1398	1285
2022-06-10	847	816	1350	1252
2022-06-11	848	708	731	215
2022-06-12	849	873	801	151
2022-06-13	850	1294	2131	1525
2022-06-14	851	1150	1780	2138
2022-06-15	852	1289	2299	1573
2022-06-16	853	1044	2978	1902
2022-06-17	854	1473	2622	1768
2022-06-18	855	1541	1791	298
2022-06-19	856	1578	1639	248
2022-06-20	857	2640	4199	2950
2022-06-21	858	2035	3880	3082
2022-06-22	859	2133	4433	3166
2022-06-23	860	1916	4406	3158
2022-06-24	861	2460	4064	3062
2022-06-25	862	2898	2606	717
2022-06-26	863	2882	2314	612
2022-06-27	864	3747	6353	3838
2022-06-28	865	3622	6567	4342
2022-06-29	866	2918	6885	5072
2022-06-30	867	2851	6619	4607
2022-07-01	868	6469	7591	3476
2022-07-02	869	3563	4089	1497
2022-07-03	870	4185	3402	852
2022-07-04	871	4728	6665	1194
2022-07-05	872	4956	10220	5133
2022-07-06	873	3996	9495	5786
2022-07-07	874	4029	9056	6041
2022-07-08	875	4170	7751	5693
2022-07-09	876	4250	4616	2479
2022-07-10	877	4784	4095	1277
2022-07-11	878	4120	9431	6621
2022-07-12	879	3527	8276	7747
2022-07-13	880	2883	7599	7504
2022-07-14	881	2423	6483	6918
2022-07-15	882	3290	5963	5269
2022-07-16	883	2797	2902	1669
2022-07-17	884	2770	3054	768
2022-07-18	885	3313	7758	6012
2022-07-19	886	2486	5918	6723
2022-07-20	887	2432	5558	6331
2022-07-21	888	1642	4853	6301
2022-07-22	889	1791	4024	4645
2022-07-23	890	1869	1888	1409
2022-07-24	891	1797	1805	876
2022-07-25	892	2296	4744	5349
2022-07-26	893	1693	3847	4914
2022-07-27	894	1424	3573	5097
2022-07-28	895	1185	3087	4849
2022-07-29	896	1150	2672	3523
2022-07-30	897	1136	1581	1102
2022-07-31	898	1054	1274	216
2022-08-01	899	1834	3533	2323
2022-08-02	900	1032	2557	3278
2022-08-03	901	879	2316	3205
2022-08-04	902	706	2050	2729
2022-08-05	903	863	1797	2491
2022-08-06	904	729	995	671
2022-08-07	905	732	797	405
2022-08-08	906	771	2098	3020
2022-08-09	907	588	1546	3194
2022-08-10	908	639	1364	3698
2022-08-11	909	379	1234	2720
2022-08-12	910	435	1112	1915
2022-08-13	911	393	583	349
2022-08-14	912	424	430	143
2022-08-15	913	457	1068	1781
2022-08-16	914	333	976	3322
2022-08-17	915	332	795	2876
2022-08-18	916	314	757	2213
2022-08-19	917	302	749	2193
2022-08-20	918	351	372	209
2022-08-21	919	253	337	129
2022-08-22	920	309	878	2824
2022-08-23	921	241	613	2226
2022-08-24	922	233	625	2039
2022-08-25	923	169	495	2027
2022-08-26	924	206	504	1958
2022-08-27	925	154	267	1033
2022-08-28	926	149	207	764
2022-08-29	927	218	550	2110
2022-08-30	928	133	443	1517
2022-08-31	929	97	343	1652
2022-09-01	930	126	318	930
2022-09-02	931	129	268	306
2022-09-03	932	141	149	67
2022-09-04	933	119	151	127
2022-09-05	934	190	418	1117
2022-09-06	935	118	317	1380
2022-09-07	936	95	280	1246
2022-09-08	937	114	281	1161
2022-09-09	938	85	273	1033
2022-09-10	939	105	90	70
2022-09-11	940	58	238	148
2022-09-12	941	80	308	1359
2022-09-13	942	67	218	1321
2022-09-14	943	80	162	887
2022-09-15	944	77	79	45
2022-09-16	945	74	140	110
2022-09-17	946	77	104	38
2022-09-18	947	90	81	40
2022-09-19	948	108	288	1055
2022-09-20	949	90	281	1318
2022-09-21	950	68	188	928
2022-09-22	951	63	190	985
2022-09-23	952	51	131	707
2022-09-24	953	65	96	157
2022-09-25	954	64	84	58
2022-09-26	955	81	242	1032
2022-09-27	956	64	155	1286
2022-09-28	957	49	158	948
2022-09-29	958	40	163	1002
2022-09-30	959	57	124	697
2022-10-01	960	68	51	41
2022-10-02	961	43	74	82
2022-10-03	962	65	169	927
2022-10-04	963	44	147	776
2022-10-05	964	54	145	952
2022-10-06	965	39	106	773
2022-10-07	966	38	118	384
2022-10-08	967	22	47	349
2022-10-09	968	37	60	94
2022-10-10	969	54	91	560
2022-10-11	970	42	105	727
2022-10-12	971	43	89	837
2022-10-13	972	36	100	1026
2022-10-14	973	36	156	675
2022-10-15	974	49	44	54
2022-10-16	975	41	54	96
2022-10-17	976	31	82	732
2022-10-18	977	34	91	698
2022-10-19	978	31	77	743
2022-10-20	979	26	64	150
2022-10-21	980	32	73	687
2022-10-22	981	23	46	149
2022-10-23	982	28	41	185
2022-10-24	983	51	91	651
2022-10-25	984	47	81	730
2022-10-26	985	31	103	1032
2022-10-27	986	35	91	571
2022-10-28	987	35	66	537
2022-10-29	988	28	36	65
2022-10-30	989	33	38	52
2022-10-31	990	43	57	103
2022-11-01	991	68	49	70
2022-11-02	992	65	173	618
2022-11-03	993	56	127	648
2022-11-04	994	45	111	532
2022-11-05	995	49	49	51
2022-11-06	996	76	45	68
2022-11-07	997	97	193	629
2022-11-08	998	90	161	479
2022-11-09	999	58	145	661
2022-11-10	1000	63	131	413
2022-11-11	1001	80	139	445
2022-11-12	1002	76	89	158
2022-11-13	1003	87	89	122
2022-11-14	1004	134	255	559
2022-11-15	1005	124	244	481
2022-11-16	1006	75	213	534
2022-11-17	1007	99	320	629
2022-11-18	1008	132	216	554
2022-11-19	1009	146	115	183
2022-11-20	1010	216	168	178
2022-11-21	1011	198	388	845
2022-11-22	1012	206	434	941
2022-11-23	1013	201	474	1182
2022-11-24	1014	179	441	1216
2022-11-25	1015	313	468	846
2022-11-26	1016	349	227	341
2022-11-27	1017	438	348	226
2022-11-28	1018	610	902	1066
2022-11-29	1019	546	1127	1191
2022-11-30	1020	696	1121	1075
2022-12-01	1021	766	1276	955
2022-12-02	1022	855	1416	1207
2022-12-03	1023	922	740	297
2022-12-04	1024	1147	771	361
2022-12-05	1025	1427	2894	1620
2022-12-06	1026	1406	2894	2257
2022-12-07	1027	1230	3029	2422
2022-12-08	1028	1195	2782	1973
2022-12-09	1029	1137	2360	1950
2022-12-10	1030	1579	1306	927
2022-12-11	1031	1129	1231	637
2022-12-12	1032	1549	3795	2299
2022-12-13	1033	1417	3185	2640
2022-12-14	1034	1137	3371	2721
2022-12-15	1035	901	3153	2483
2022-12-16	1036	977	2559	1855
2022-12-17	1037	820	1257	607
2022-12-18	1038	903	849	336
2022-12-19	1039	1071	2733	2819
2022-12-20	1040	892	2344	2701
2022-12-21	1041	553	1888	2781
2022-12-22	1042	501	1777	2253
2022-12-23	1043	459	1134	1081
2022-12-24	1044	508	795	195
2022-12-25	1045	627	400	138
2022-12-26	1046	548	1123	550
2022-12-27	1047	513	1576	1735
2022-12-28	1048	401	1432	2308
2022-12-29	1049	318	1262	1729
2022-12-30	1050	267	799	752
2022-12-31	1051	257	428	168
2023-01-01	1052	462	284	128
2023-01-02	1053	417	626	432
2023-01-03	1054	351	1086	1395
2023-01-04	1055	338	957	1659
2023-01-05	1056	261	707	1567
2023-01-06	1057	218	544	1527
2023-01-07	1058	209	218	206
2023-01-08	1059	194	214	207
2023-01-09	1060	216	598	1718
2023-01-10	1061	211	460	1722
2023-01-11	1062	123	450	1179
2023-01-12	1063	121	318	1399
2023-01-13	1064	102	265	853
2023-01-14	1065	106	121	179
2023-01-15	1066	94	81	221
2023-01-16	1067	101	269	729
2023-01-17	1068	93	279	782
2023-01-18	1069	86	224	1050
2023-01-19	1070	66	170	756
2023-01-20	1071	100	168	690
2023-01-21	1072	61	72	243
2023-01-22	1073	61	98	173
2023-01-23	1074	80	189	1025
2023-01-24	1075	70	133	837
2023-01-25	1076	61	145	829
2023-01-26	1077	43	123	723
2023-01-27	1078	52	112	422
2023-01-28	1079	39	43	73
2023-01-29	1080	50	52	18
2023-01-30	1081	48	120	811
2023-01-31	1082	54	92	490
2023-02-01	1083	63	109	431
2023-02-02	1084	40	115	399
2023-02-03	1085	32	90	387
2023-02-04	1086	37	29	36
2023-02-05	1087	56	32	15
2023-02-06	1088	51	104	487
2023-02-07	1089	60	89	452
2023-02-08	1090	45	110	384
2023-02-09	1091	28	78	573
2023-02-10	1092	52	71	413
2023-02-11	1093	31	31	50
2023-02-12	1094	38	31	18
2023-02-13	1095	67	102	429
2023-02-14	1096	36	91	268
2023-02-15	1097	46	64	488
2023-02-16	1098	27	90	406
2023-02-17	1099	30	96	374
2023-02-18	1100	37	24	92
2023-02-19	1101	40	40	24
2023-02-20	1102	44	90	406
2023-02-21	1103	20	62	368
2023-02-22	1104	26	74	239
2023-02-23	1105	33	86	365
2023-02-24	1106	35	52	471
2023-02-25	1107	24	20	52
2023-02-26	1108	39	23	26
2023-02-27	1109	33	93	410
2023-02-28	1110	35	84	372
2023-03-01	1111	56	87	308
2023-03-02	1112	34	76	249
2023-03-03	1113	42	60	215
2023-03-04	1114	38	47	14
2023-03-05	1115	45	25	11
2023-03-06	1116	52	99	214
2023-03-07	1117	36	80	260
2023-03-08	1118	37	66	198
2023-03-09	1119	25	72	342
2023-03-10	1120	35	59	310
2023-03-11	1121	19	41	34
2023-03-12	1122	34	25	17
2023-03-13	1123	45	84	391
2023-03-14	1124	28	77	311
2023-03-15	1125	25	69	428
2023-03-16	1126	15	68	300
2023-03-17	1127	31	57	371
2023-03-18	1128	22	28	265
2023-03-19	1129	40	21	6
2023-03-20	1130	50	88	402
2023-03-21	1131	27	69	282
2023-03-22	1132	27	79	556
2023-03-23	1133	37	79	434
2023-03-24	1134	27	56	509
2023-03-25	1135	47	22	267
2023-03-26	1136	50	26	12
2023-03-27	1137	44	91	452
2023-03-28	1138	35	72	419
2023-03-29	1139	18	81	208
2023-03-30	1140	23	77	249
2023-03-31	1141	22	60	161
2023-04-01	1142	31	29	112
2023-04-02	1143	29	33	7
2023-04-03	1144	27	70	273
2023-04-04	1145	23	62	149
2023-04-05	1146	19	28	108
2023-04-06	1147	13	11	58
2023-04-07	1148	38	16	3
2023-04-08	1149	37	20	99
2023-04-09	1150	37	36	12
2023-04-10	1151	69	95	181
2023-04-11	1152	43	87	221
2023-04-12	1153	38	81	257
2023-04-13	1154	27	91	173
2023-04-14	1155	40	66	96
2023-04-15	1156	58	25	8
2023-04-16	1157	46	24	9
2023-04-17	1158	57	119	175
2023-04-18	1159	39	88	186
2023-04-19	1160	46	92	137
2023-04-20	1161	52	100	184
2023-04-21	1162	35	78	177
2023-04-22	1163	37	35	23
2023-04-23	1164	40	26	4
2023-04-24	1165	66	108	188
2023-04-25	1166	64	86	120
2023-04-26	1167	61	117	139
2023-04-27	1168	44	125	99
2023-04-28	1169	53	108	326
2023-04-29	1170	30	40	9
2023-04-30	1171	49	18	15
2023-05-01	1172	91	36	18
2023-05-02	1173	85	136	132
2023-05-03	1174	75	145	152
2023-05-04	1175	67	134	123
2023-05-05	1176	105	209	158
2023-05-06	1177	70	75	11
2023-05-07	1178	64	72	8
2023-05-08	1179	110	263	492
2023-05-09	1180	53	171	272
2023-05-10	1181	77	89	101
2023-05-11	1182	57	146	154
2023-05-12	1183	63	133	126
2023-05-13	1184	56	48	19
2023-05-14	1185	74	51	17
2023-05-15	1186	121	201	155
2023-05-16	1187	61	133	180
2023-05-17	1188	66	134	121
2023-05-18	1189	62	153	162
2023-05-19	1190	63	134	128
2023-05-20	1191	114	52	36
2023-05-21	1192	84	47	19
2023-05-22	1193	111	263	199
2023-05-23	1194	86	193	266
2023-05-24	1195	93	185	237
2023-05-25	1196	85	191	174
2023-05-26	1197	100	183	157
2023-05-27	1198	100	72	32
2023-05-28	1199	132	72	32
2023-05-29	1200	117	278	245
2023-05-30	1201	106	181	243
2023-05-31	1202	100	234	209
2023-06-01	1203	144	248	178
2023-06-02	1204	129	254	202
2023-06-03	1205	141	93	42
2023-06-04	1206	177	119	29
2023-06-05	1207	232	374	310
2023-06-06	1208	188	392	255
2023-06-07	1209	135	362	371
2023-06-08	1210	135	391	285
2023-06-09	1211	131	339	582
2023-06-10	1212	179	112	36
2023-06-11	1213	154	116	35
2023-06-12	1214	252	504	341
2023-06-13	1215	199	383	379
2023-06-14	1216	143	444	452
2023-06-15	1217	135	329	449
2023-06-16	1218	149	332	361
2023-06-17	1219	157	148	38
2023-06-18	1220	196	158	47
2023-06-19	1221	225	587	462
2023-06-20	1222	206	511	400
2023-06-21	1223	131	409	404
2023-06-22	1224	107	395	447
2023-06-23	1225	145	339	503
2023-06-24	1226	125	111	0
2023-06-25	1227	202	125	45
2023-06-26	1228	218	336	186
2023-06-27	1229	229	602	524
2023-06-28	1230	156	431	479
2023-06-29	1231	145	454	430
2023-06-30	1232	147	455	360
2023-07-01	1233	209	199	42
2023-07-02	1234	196	167	37
2023-07-03	1235	261	313	61
2023-07-04	1236	200	676	946
2023-07-05	1237	181	519	580
2023-07-06	1238	139	499	964
2023-07-07	1239	140	402	365
2023-07-08	1240	161	187	48
2023-07-09	1241	166	153	49
2023-07-10	1242	215	560	566
2023-07-11	1243	137	397	476
2023-07-12	1244	124	392	468
2023-07-13	1245	97	328	492
2023-07-14	1246	131	265	251
2023-07-15	1247	150	141	52
2023-07-16	1248	125	149	44
2023-07-17	1249	222	373	504
2023-07-18	1250	172	413	372
2023-07-19	1251	143	353	383
2023-07-20	1252	143	361	400
2023-07-21	1253	102	318	346
2023-07-22	1254	84	125	72
2023-07-23	1255	116	114	34
2023-07-24	1256	118	360	512
2023-07-25	1257	141	294	298
2023-07-26	1258	108	242	338
2023-07-27	1259	95	261	507
2023-07-28	1260	146	232	280
2023-07-29	1261	82	73	43
2023-07-30	1262	88	104	22
2023-07-31	1263	121	345	277
2023-08-01	1264	115	261	289
2023-08-02	1265	83	233	320
2023-08-03	1266	71	190	424
2023-08-04	1267	59	165	192
2023-08-05	1268	95	70	18
2023-08-06	1269	73	70	29
2023-08-07	1270	93	202	231
2023-08-08	1271	79	197	250
2023-08-09	1272	73	171	229
2023-08-10	1273	65	142	193
2023-08-11	1274	50	162	121
2023-08-12	1275	65	65	21
2023-08-13	1276	50	55	17
2023-08-14	1277	64	190	211
2023-08-15	1278	46	101	117
2023-08-16	1279	47	161	231
2023-08-17	1280	56	126	157
2023-08-18	1281	34	113	156
2023-08-19	1282	42	42	26
2023-08-20	1283	47	49	8
2023-08-21	1284	63	62	15
2023-08-22	1285	56	142	149
2023-08-23	1286	69	158	225
2023-08-24	1287	17	87	184
2023-08-25	1288	39	91	125
2023-08-26	1289	22	33	16
2023-08-27	1290	34	35	15
2023-08-28	1291	48	96	138
2023-08-29	1292	34	96	150
2023-08-30	1293	33	83	164
2023-08-31	1294	25	58	87
2023-09-01	1295	37	48	57
2023-09-02	1296	30	31	16
2023-09-03	1297	27	27	8
2023-09-04	1298	37	86	121
2023-09-05	1299	27	111	143
2023-09-06	1300	20	75	276
2023-09-07	1301	33	65	110
2023-09-08	1302	23	41	71
2023-09-09	1303	21	36	16
2023-09-10	1304	24	28	11
2023-09-11	1305	25	58	108
2023-09-12	1306	15	54	73
2023-09-13	1307	10	40	58
2023-09-14	1308	30	43	58
2023-09-15	1309	13	18	9
2023-09-16	1310	19	24	28
2023-09-17	1311	13	21	4
2023-09-18	1312	16	53	83
2023-09-19	1313	12	41	99
2023-09-20	1314	17	45	75
2023-09-21	1315	16	37	80
2023-09-22	1316	15	36	61
2023-09-23	1317	20	18	16
2023-09-24	1318	16	20	9
2023-09-25	1319	16	46	119
2023-09-26	1320	10	39	66
2023-09-27	1321	6	34	81
2023-09-28	1322	8	19	59
2023-09-29	1323	10	28	37
2023-09-30	1324	11	9	11
2023-10-01	1325	19	20	9
2023-10-02	1326	11	32	78
2023-10-03	1327	14	24	74
2023-10-04	1328	7	16	43
2023-10-05	1329	6	22	47
2023-10-06	1330	7	18	43
2023-10-07	1331	4	9	4
2023-10-08	1332	1	4	5
2023-10-09	1333	4	14	16
2023-10-10	1334	4	10	44
2023-10-11	1335	5	11	42
2023-10-12	1336	4	16	23
2023-10-13	1337	4	7	26
2023-10-14	1338	1	5	0
2023-10-15	1339	5	7	1
2023-10-16	1340	3	6	21
2023-10-17	1341	7	9	26
2023-10-18	1342	5	10	28
2023-10-19	1343	15	23	54
2023-10-20	1344	4	5	3
2023-10-21	1345	5	8	3
2023-10-22	1346	7	11	5
2023-10-23	1347	13	28	47
2023-10-24	1348	5	14	50
2023-10-25	1349	8	12	35
2023-10-26	1350	3	16	51
2023-10-27	1351	6	18	44
2023-10-28	1352	4	7	6
2023-10-29	1353	3	4	1
2023-10-30	1354	2	19	50
2023-10-31	1355	4	9	52
2023-11-01	1356	4	3	1
2023-11-02	1357	4	9	77
2023-11-03	1358	8	12	36
2023-11-04	1359	5	10	3
2023-11-05	1360	4	10	13
2023-11-06	1361	12	22	72
2023-11-07	1362	11	25	39
2023-11-08	1363	7	28	63
2023-11-09	1364	7	17	96
2023-11-10	1365	9	9	47
2023-11-11	1366	7	14	5
2023-11-12	1367	11	15	6
2023-11-13	1368	13	38	31
2023-11-14	1369	17	26	71
2023-11-15	1370	13	31	43
2023-11-16	1371	6	27	48
2023-11-17	1372	12	23	35
2023-11-18	1373	8	11	2
2023-11-19	1374	12	13	4
2023-11-20	1375	20	37	60
2023-11-21	1376	6	27	85
2023-11-22	1377	11	32	38
2023-11-23	1378	10	29	43
2023-11-24	1379	18	34	46
2023-11-25	1380	13	21	14
2023-11-26	1381	13	20	8
2023-11-27	1382	13	52	42
2023-11-28	1383	14	41	40
2023-11-29	1384	17	31	35
2023-11-30	1385	15	33	44
2023-12-01	1386	9	23	19
2023-12-02	1387	3	19	10
2023-12-03	1388	12	14	10
2023-12-04	1389	20	41	56
2023-12-05	1390	15	53	75
2023-12-06	1391	11	36	60
2023-12-07	1392	11	39	65
2023-12-08	1393	17	26	0
2023-12-09	1394	10	17	0
2023-12-10	1395	9	20	8
2023-12-11	1396	24	53	55
2023-12-12	1397	21	40	53
2023-12-13	1398	18	42	56
2023-12-14	1399	18	41	94
2023-12-15	1400	17	41	37
2023-12-16	1401	17	26	15
2023-12-17	1402	13	30	10
2023-12-18	1403	23	53	61
2023-12-19	1404	15	62	73
2023-12-20	1405	19	51	56
2023-12-21	1406	14	46	70
2023-12-22	1407	10	38	44
2023-12-23	1408	19	31	6
2023-12-24	1409	22	33	16
2023-12-25	1410	21	24	13
2023-12-26	1411	20	62	37
2023-12-27	1412	30	82	80
2023-12-28	1413	23	88	107
2023-12-29	1414	22	60	59
2023-12-30	1415	25	28	21
2023-12-31	1416	21	29	8
2024-01-01	1417	24	30	3
2024-01-02	1418	32	77	62
2024-01-03	1419	47	96	106
2024-01-04	1420	47	102	122
2024-01-05	1421	40	95	82
2024-01-06	1422	40	54	14
2024-01-07	1423	45	65	13
2024-01-08	1424	59	136	101
2024-01-09	1425	55	152	144
2024-01-10	1426	61	156	180
2024-01-11	1427	33	121	155
2024-01-12	1428	63	107	113
2024-01-13	1429	43	55	19
2024-01-14	1430	36	46	18
2024-01-15	1431	76	143	150
2024-01-16	1432	59	144	155
2024-01-17	1433	53	110	149
2024-01-18	1434	66	170	195
2024-01-19	1435	63	134	121
2024-01-20	1436	53	44	20
2024-01-21	1437	57	66	25
2024-01-22	1438	77	209	128
2024-01-23	1439	73	152	186
2024-01-24	1440	61	161	152
2024-01-25	1441	51	156	209
2024-01-26	1442	67	162	122
2024-01-27	1443	67	67	40
2024-01-28	1444	62	88	36
2024-01-29	1445	88	237	170
2024-01-30	1446	74	148	253
2024-01-31	1447	49	167	185
2024-02-01	1448	102	175	198
2024-02-02	1449	70	174	164
2024-02-03	1450	93	80	20
2024-02-04	1451	74	73	24
2024-02-05	1452	108	301	260
2024-02-06	1453	99	188	252
2024-02-07	1454	65	219	228
2024-02-08	1455	71	233	223
2024-02-09	1456	81	189	158
2024-02-10	1457	86	108	19
2024-02-11	1458	48	140	56
2024-02-12	1459	75	286	524
2024-02-13	1460	83	209	260
2024-02-14	1461	55	166	189
2024-02-15	1462	63	164	194
2024-02-16	1463	59	151	162
2024-02-17	1464	54	83	23
2024-02-18	1465	56	46	24
2024-02-19	1466	68	221	181
2024-02-20	1467	75	181	188
2024-02-21	1468	70	166	239
2024-02-22	1469	40	138	172
2024-02-23	1470	46	149	193
2024-02-24	1471	48	59	13
2024-02-25	1472	56	48	13
2024-02-26	1473	76	180	250
2024-02-27	1474	45	151	211
2024-02-28	1475	40	133	181
2024-02-29	1476	33	106	168
2024-03-01	1477	42	110	151
2024-03-02	1478	31	41	16
2024-03-03	1479	36	46	3
2024-03-04	1480	46	97	170
2024-03-05	1481	44	98	134
2024-03-06	1482	30	104	138
2024-03-07	1483	28	84	116
2024-03-08	1484	26	76	85
2024-03-09	1485	31	36	16
2024-03-10	1486	33	29	7
2024-03-11	1487	44	96	135
2024-03-12	1488	29	76	101
2024-03-13	1489	19	67	156
2024-03-14	1490	20	64	95
2024-03-15	1491	25	66	115
2024-03-16	1492	16	27	11
2024-03-17	1493	14	30	14
2024-03-18	1494	17	60	96
2024-03-19	1495	11	39	88
2024-03-20	1496	5	21	96
2024-03-21	1497	4	26	74
2024-03-22	1498	1	12	66
2024-03-23	1499	0	4	7
2024-03-24	1500	0	1	5
